Atoms	Quanta	Temperature	Cv
1	1	3.222509E+02	1.561531E+01
1	2	4.795757E+02	1.614709E+01
1	3	6.301451E+02	1.634491E+01
1	4	7.782276E+02	1.644117E+01
1	5	9.250855E+02	1.649544E+01
1	6	1.071243E+03	1.652910E+01
1	7	1.216959E+03	1.655143E+01
1	8	1.362380E+03	1.656701E+01
1	9	1.507592E+03	1.657832E+01
1	10	1.652651E+03	1.658678E+01
1	11	1.797595E+03	1.659329E+01
1	12	1.942450E+03	1.659839E+01
1	13	2.087234E+03	1.660247E+01
1	14	2.231961E+03	1.660578E+01
1	15	2.376642E+03	1.660851E+01
1	16	2.521285E+03	1.661078E+01
1	17	2.665896E+03	1.661270E+01
1	18	2.810480E+03	1.661432E+01
1	19	2.955040E+03	1.661571E+01
1	20	3.099581E+03	1.661692E+01
1	21	3.244105E+03	1.661796E+01
1	22	3.388614E+03	1.661888E+01
1	23	3.533110E+03	1.661968E+01
1	24	3.677594E+03	1.662039E+01
1	25	3.822068E+03	1.662102E+01
1	26	3.966533E+03	1.662159E+01
1	27	4.110990E+03	1.662209E+01
1	28	4.255440E+03	1.662255E+01
1	29	4.399882E+03	1.662296E+01
1	30	4.544319E+03	1.662333E+01
1	31	4.688751E+03	1.662367E+01
1	32	4.833177E+03	1.662398E+01
1	33	4.977599E+03	1.662427E+01
1	34	5.122017E+03	1.662452E+01
1	35	5.266431E+03	1.662476E+01
1	36	5.410842E+03	1.662498E+01
1	37	5.555249E+03	1.662518E+01
1	38	5.699654E+03	1.662537E+01
1	39	5.844056E+03	1.662554E+01
1	40	5.988455E+03	1.662571E+01
1	41	6.132852E+03	1.662586E+01
1	42	6.277246E+03	1.662599E+01
1	43	6.421639E+03	1.662613E+01
1	44	6.566029E+03	1.662625E+01
1	45	6.710418E+03	1.662636E+01
1	46	6.854806E+03	1.662647E+01
1	47	6.999191E+03	1.662657E+01
1	48	7.143575E+03	1.662666E+01
1	49	7.287958E+03	1.662675E+01
1	50	7.432339E+03	1.662683E+01
1	51	7.576720E+03	1.662691E+01
1	52	7.721099E+03	1.662699E+01
1	53	7.865477E+03	1.662706E+01
1	54	8.009853E+03	1.662713E+01
1	55	8.154229E+03	1.662719E+01
1	56	8.298604E+03	1.662725E+01
1	57	8.442978E+03	1.662731E+01
1	58	8.587352E+03	1.662736E+01
1	59	8.731724E+03	1.662741E+01
1	60	8.876096E+03	1.662746E+01
1	61	9.020467E+03	1.662751E+01
1	62	9.164837E+03	1.662755E+01
1	63	9.309207E+03	1.662759E+01
1	64	9.453576E+03	1.662763E+01
1	65	9.597944E+03	1.662767E+01
1	66	9.742312E+03	1.662771E+01
1	67	9.886679E+03	1.662774E+01
1	68	1.003105E+04	1.662778E+01
1	69	1.017541E+04	1.662781E+01
1	70	1.031978E+04	1.662784E+01
1	71	1.046414E+04	1.662787E+01
1	72	1.060851E+04	1.662790E+01
1	73	1.075287E+04	1.662793E+01
1	74	1.089724E+04	1.662795E+01
1	75	1.104160E+04	1.662798E+01
1	76	1.118596E+04	1.662800E+01
1	77	1.133033E+04	1.662803E+01
1	78	1.147469E+04	1.662805E+01
1	79	1.161905E+04	1.662807E+01
1	80	1.176341E+04	1.662809E+01
1	81	1.190777E+04	1.662811E+01
1	82	1.205214E+04	1.662813E+01
1	83	1.219650E+04	1.662815E+01
1	84	1.234086E+04	1.662817E+01
1	85	1.248522E+04	1.662818E+01
1	86	1.262958E+04	1.662820E+01
1	87	1.277394E+04	1.662822E+01
1	88	1.291830E+04	1.662823E+01
1	89	1.306266E+04	1.662825E+01
1	90	1.320702E+04	1.662826E+01
1	91	1.335137E+04	1.662828E+01
1	92	1.349573E+04	1.662829E+01
1	93	1.364009E+04	1.662830E+01
1	94	1.378445E+04	1.662832E+01
1	95	1.392881E+04	1.662833E+01
1	96	1.407317E+04	1.662834E+01
1	97	1.421752E+04	1.662835E+01
1	98	1.436188E+04	1.662837E+01
1	99	1.450624E+04	1.662838E+01
1	100	1.465060E+04	1.662839E+01
1	200	2.908591E+04	1.662879E+01
1	300	4.352095E+04	1.662886E+01
1	400	5.795592E+04	1.662889E+01
1	500	7.239087E+04	1.662890E+01
1	600	8.682580E+04	1.662891E+01
1	700	1.012607E+05	1.662891E+01
1	800	1.156956E+05	1.662892E+01
1	900	1.301306E+05	1.662892E+01
1	1000	1.445655E+05	1.662892E+01
1	1100	1.590004E+05	1.662892E+01
1	1200	1.734353E+05	1.662892E+01
1	1300	1.878702E+05	1.662892E+01
1	1400	2.023051E+05	1.662892E+01
1	1500	2.167400E+05	1.662892E+01
1	1600	2.311749E+05	1.662892E+01
1	1700	2.456098E+05	1.662892E+01
1	1800	2.600447E+05	1.662892E+01
1	1900	2.744796E+05	1.662892E+01
1	2000	2.889145E+05	1.662892E+01
1	2100	3.033494E+05	1.662892E+01
1	2200	3.177843E+05	1.662892E+01
1	2300	3.322193E+05	1.662892E+01
1	2400	3.466542E+05	1.662892E+01
1	2500	3.610891E+05	1.662892E+01
1	2600	3.755240E+05	1.662892E+01
1	2700	3.899589E+05	1.662892E+01
1	2800	4.043938E+05	1.662892E+01
1	2900	4.188287E+05	1.662892E+01
1	3000	4.332636E+05	1.662892E+01
1	3100	4.476985E+05	1.662892E+01
1	3200	4.621334E+05	1.662892E+01
1	3300	4.765683E+05	1.662892E+01
1	3400	4.910032E+05	1.662892E+01
1	3500	5.054381E+05	1.662892E+01
1	3600	5.198730E+05	1.662892E+01
1	3700	5.343079E+05	1.662892E+01
1	3800	5.487428E+05	1.662892E+01
1	3900	5.631777E+05	1.662892E+01
1	4000	5.776126E+05	1.662892E+01
1	4100	5.920475E+05	1.662892E+01
1	4200	6.064824E+05	1.662892E+01
1	4300	6.209173E+05	1.662892E+01
1	4400	6.353522E+05	1.662892E+01
1	4500	6.497871E+05	1.662892E+01
1	4600	6.642220E+05	1.662892E+01
1	4700	6.786569E+05	1.662893E+01
1	4800	6.930918E+05	1.662892E+01
1	4900	7.075267E+05	1.662892E+01
1	5000	7.219616E+05	1.662893E+01
1	5100	7.363965E+05	1.662893E+01
1	5200	7.508315E+05	1.662893E+01
1	5300	7.652664E+05	1.662893E+01
1	5400	7.797013E+05	1.662893E+01
1	5500	7.941362E+05	1.662893E+01
1	5600	8.085711E+05	1.662893E+01
1	5700	8.230060E+05	1.662893E+01
1	5800	8.374409E+05	1.662893E+01
1	5900	8.518758E+05	1.662893E+01
1	6000	8.663107E+05	1.662893E+01
1	6100	8.807456E+05	1.662893E+01
1	6200	8.951805E+05	1.662893E+01
1	6300	9.096154E+05	1.662893E+01
1	6400	9.240503E+05	1.662893E+01
1	6500	9.384852E+05	1.662893E+01
1	6600	9.529201E+05	1.662893E+01
1	6700	9.673550E+05	1.662893E+01
1	6800	9.817899E+05	1.662893E+01
1	6900	9.962248E+05	1.662893E+01
1	7000	1.010660E+06	1.662893E+01
1	7100	1.025095E+06	1.662893E+01
1	7200	1.039530E+06	1.662893E+01
1	7300	1.053964E+06	1.662893E+01
1	7400	1.068399E+06	1.662893E+01
1	7500	1.082834E+06	1.662893E+01
1	7600	1.097269E+06	1.662893E+01
1	7700	1.111704E+06	1.662893E+01
1	7800	1.126139E+06	1.662893E+01
1	7900	1.140574E+06	1.662893E+01
1	8000	1.155009E+06	1.662893E+01
1	8100	1.169444E+06	1.662893E+01
1	8200	1.183879E+06	1.662893E+01
1	8300	1.198313E+06	1.662893E+01
1	8400	1.212748E+06	1.662893E+01
1	8500	1.227183E+06	1.662893E+01
1	8600	1.241618E+06	1.662893E+01
1	8700	1.256053E+06	1.662893E+01
1	8800	1.270488E+06	1.662893E+01
1	8900	1.284923E+06	1.662893E+01
1	9000	1.299358E+06	1.662893E+01
1	9100	1.313793E+06	1.662893E+01
1	9200	1.328228E+06	1.662893E+01
1	9300	1.342662E+06	1.662893E+01
1	9400	1.357097E+06	1.662893E+01
1	9500	1.371532E+06	1.662893E+01
1	9600	1.385967E+06	1.662893E+01
1	9700	1.400402E+06	1.662893E+01
1	9800	1.414837E+06	1.662893E+01
1	9900	1.429272E+06	1.662893E+01
1	10000	1.443707E+06	1.662893E+01
1	20000	2.887197E+06	1.662893E+01
1	30000	4.330687E+06	1.662892E+01
1	40000	5.774178E+06	1.662892E+01
1	50000	7.217668E+06	1.662892E+01
1	60000	8.661158E+06	1.662893E+01
1	70000	1.010465E+07	1.662892E+01
1	80000	1.154814E+07	1.662893E+01
1	90000	1.299163E+07	1.662893E+01
1	100000	1.443512E+07	1.662892E+01
1	110000	1.587861E+07	1.662892E+01
1	120000	1.732210E+07	1.662892E+01
1	130000	1.876559E+07	1.662893E+01
1	140000	2.020908E+07	1.662891E+01
1	150000	2.165257E+07	1.662890E+01
1	160000	2.309606E+07	1.662895E+01
1	170000	2.453955E+07	1.662892E+01
1	180000	2.598304E+07	1.662889E+01
1	190000	2.742653E+07	1.662890E+01
1	200000	2.887002E+07	1.662891E+01
1	210000	3.031351E+07	1.662892E+01
1	220000	3.175700E+07	1.662895E+01
1	230000	3.320049E+07	1.662899E+01
1	240000	3.464398E+07	1.662885E+01
1	250000	3.608747E+07	1.662888E+01
1	260000	3.753096E+07	1.662894E+01
1	270000	3.897445E+07	1.662894E+01
1	280000	4.041794E+07	1.662897E+01
1	290000	4.186143E+07	1.662888E+01
1	300000	4.330492E+07	1.662887E+01
1	310000	4.474842E+07	1.662894E+01
1	320000	4.619191E+07	1.662886E+01
1	330000	4.763540E+07	1.662902E+01
1	340000	4.907889E+07	1.662887E+01
1	350000	5.052238E+07	1.662891E+01
1	360000	5.196587E+07	1.662888E+01
1	370000	5.340936E+07	1.662888E+01
1	380000	5.485285E+07	1.662881E+01
1	390000	5.629634E+07	1.662914E+01
1	400000	5.773983E+07	1.662888E+01
1	410000	5.918332E+07	1.662900E+01
1	420000	6.062681E+07	1.662896E+01
1	430000	6.207030E+07	1.662885E+01
1	440000	6.351379E+07	1.662881E+01
1	450000	6.495728E+07	1.662889E+01
1	460000	6.640077E+07	1.662893E+01
1	470000	6.784426E+07	1.662930E+01
1	480000	6.928775E+07	1.662921E+01
1	490000	7.073124E+07	1.662905E+01
1	500000	7.217473E+07	1.662926E+01
1	510000	7.361822E+07	1.662926E+01
1	520000	7.506171E+07	1.662922E+01
1	530000	7.650520E+07	1.662915E+01
1	540000	7.794869E+07	1.662883E+01
1	550000	7.939218E+07	1.662882E+01
1	560000	8.083567E+07	1.662944E+01
1	570000	8.227916E+07	1.662889E+01
1	580000	8.372265E+07	1.662906E+01
1	590000	8.516614E+07	1.662910E+01
1	600000	8.660963E+07	1.662890E+01
1	610000	8.805312E+07	1.662848E+01
1	620000	8.949661E+07	1.662949E+01
1	630000	9.094010E+07	1.662881E+01
1	640000	9.238359E+07	1.662832E+01
1	650000	9.382708E+07	1.662876E+01
1	660000	9.527057E+07	1.662865E+01
1	670000	9.671407E+07	1.662894E+01
1	680000	9.815756E+07	1.662910E+01
1	690000	9.960105E+07	1.662953E+01
1	700000	1.010445E+08	1.662894E+01
1	710000	1.024880E+08	1.662972E+01
1	720000	1.039315E+08	1.662890E+01
1	730000	1.053750E+08	1.662913E+01
1	740000	1.068185E+08	1.662840E+01
1	750000	1.082620E+08	1.662973E+01
1	760000	1.097055E+08	1.662910E+01
1	770000	1.111490E+08	1.662865E+01
1	780000	1.125925E+08	1.662973E+01
1	790000	1.140359E+08	1.662925E+01
1	800000	1.154794E+08	1.662979E+01
1	810000	1.169229E+08	1.662938E+01
1	820000	1.183664E+08	1.662840E+01
1	830000	1.198099E+08	1.662859E+01
1	840000	1.212534E+08	1.662800E+01
1	850000	1.226969E+08	1.662852E+01
1	860000	1.241404E+08	1.662819E+01
1	870000	1.255839E+08	1.662907E+01
1	880000	1.270274E+08	1.662776E+01
1	890000	1.284709E+08	1.662933E+01
1	900000	1.299143E+08	1.662891E+01
1	910000	1.313578E+08	1.662882E+01
1	920000	1.328013E+08	1.662856E+01
1	930000	1.342448E+08	1.662915E+01
1	940000	1.356883E+08	1.662850E+01
1	950000	1.371318E+08	1.662937E+01
1	960000	1.385753E+08	1.662795E+01
1	970000	1.400188E+08	1.662884E+01
1	980000	1.414623E+08	1.662818E+01
1	990000	1.429058E+08	1.662906E+01
1	1000000	1.443492E+08	1.662928E+01
1	1100000	1.587841E+08	1.662883E+01
1	1200000	1.732190E+08	1.662891E+01
1	1300000	1.876540E+08	1.663111E+01
1	1400000	2.020889E+08	1.663076E+01
1	1500000	2.165238E+08	1.662974E+01
1	1600000	2.309587E+08	1.663098E+01
1	1700000	2.453936E+08	1.662720E+01
1	1800000	2.598285E+08	1.662891E+01
1	1900000	2.742634E+08	1.662938E+01
1	2000000	2.886983E+08	1.663483E+01
1	2100000	3.031332E+08	1.663257E+01
1	2200000	3.175681E+08	1.662884E+01
1	2300000	3.320030E+08	1.662583E+01
1	2400000	3.464379E+08	1.663690E+01
1	2500000	3.608728E+08	1.663067E+01
1	2600000	3.753077E+08	1.662176E+01
1	2700000	3.897426E+08	1.662294E+01
1	2800000	4.041775E+08	1.662715E+01
1	2900000	4.186124E+08	1.662908E+01
1	3000000	4.330473E+08	1.662560E+01
1	3100000	4.474822E+08	1.661604E+01
1	3200000	4.619171E+08	1.662154E+01
1	3300000	4.763520E+08	1.663108E+01
1	3400000	4.907869E+08	1.663254E+01
1	3500000	5.052218E+08	1.663529E+01
1	3600000	5.196567E+08	1.662892E+01
1	3700000	5.340916E+08	1.662741E+01
1	3800000	5.485265E+08	1.664940E+01
1	3900000	5.629614E+08	1.663424E+01
1	4000000	5.773963E+08	1.662744E+01
1	4100000	5.918312E+08	1.662346E+01
1	4200000	6.062661E+08	1.664888E+01
1	4300000	6.207010E+08	1.663367E+01
1	4400000	6.351359E+08	1.660208E+01
1	4500000	6.495708E+08	1.665888E+01
1	4600000	6.640057E+08	1.661608E+01
1	4700000	6.784406E+08	1.665957E+01
1	4800000	6.928755E+08	1.662626E+01
1	4900000	7.073105E+08	1.659105E+01
1	5000000	7.217454E+08	1.664222E+01
1	5100000	7.361803E+08	1.664322E+01
1	5200000	7.506152E+08	1.663424E+01
1	5300000	7.650501E+08	1.666296E+01
1	5400000	7.794850E+08	1.662294E+01
1	5500000	7.939199E+08	1.661545E+01
1	5600000	8.083548E+08	1.664163E+01
1	5700000	8.227897E+08	1.658286E+01
1	5800000	8.372246E+08	1.661357E+01
1	5900000	8.516595E+08	1.667747E+01
1	6000000	8.660944E+08	1.664222E+01
1	6100000	8.805293E+08	1.663332E+01
1	6200000	8.949642E+08	1.665155E+01
1	6300000	9.093991E+08	1.662444E+01
1	6400000	9.238340E+08	1.662154E+01
1	6500000	9.382689E+08	1.664361E+01
1	6600000	9.527038E+08	1.661100E+01
1	6700000	9.671387E+08	1.660001E+01
1	6800000	9.815736E+08	1.661122E+01
1	6900000	9.960085E+08	1.664539E+01
1	7000000	1.010443E+09	1.661269E+01
1	7100000	1.024878E+09	1.669234E+01
1	7200000	1.039313E+09	1.670101E+01
1	7300000	1.053748E+09	1.663112E+01
1	7400000	1.068183E+09	1.667810E+01
1	7500000	1.082618E+09	1.664222E+01
1	7600000	1.097053E+09	1.662272E+01
1	7700000	1.111488E+09	1.661992E+01
1	7800000	1.125923E+09	1.663424E+01
1	7900000	1.140358E+09	1.666622E+01
1	8000000	1.154792E+09	1.659796E+01
1	8100000	1.169227E+09	1.666339E+01
1	8200000	1.183662E+09	1.662346E+01
1	8300000	1.198097E+09	1.672455E+01
1	8400000	1.212532E+09	1.658385E+01
1	8500000	1.226967E+09	1.658464E+01
1	8600000	1.241402E+09	1.659958E+01
1	8700000	1.255837E+09	1.662909E+01
1	8800000	1.270272E+09	1.667365E+01
1	8900000	1.284707E+09	1.658705E+01
1	9000000	1.299141E+09	1.665888E+01
1	9100000	1.313576E+09	1.659375E+01
1	9200000	1.328011E+09	1.669446E+01
1	9300000	1.342446E+09	1.665155E+01
1	9400000	1.356881E+09	1.661874E+01
1	9500000	1.371316E+09	1.676376E+01
1	9600000	1.385751E+09	1.675482E+01
1	9700000	1.400186E+09	1.658209E+01
1	9800000	1.414621E+09	1.659105E+01
1	9900000	1.429056E+09	1.661100E+01
